lastAccountName: Groak
timestamps:
  login: 1608352931441
  logout: 1608353343921
ipAddress: 10.1.76.1
logoutlocation:
  world: world
  x: 4726.441746797166
  y: 62.55000001192093
  z: 4906.785267598436
  yaw: 78.32983
  pitch: 33.139526
lastlocation:
  world: world
  x: 5069.585947584438
  y: 69.0
  z: 4762.704032713821
  yaw: -359.03436
  pitch: 86.63196
