lastAccountName: kavcat
timestamps:
  login: 1613692638247
  logout: 1613693236362
ipAddress: 10.1.76.1
logoutlocation:
  world: creative-world
  x: -274.1070054358953
  y: 89.03551835042336
  z: -35.015916410280596
  yaw: 36.26233
  pitch: 8.285119
