lastAccountName: Vuosmos
timestamps:
  login: 1612829232086
  logout: 1612829431007
ipAddress: 10.1.76.1
lastlocation:
  world: world
  x: 1521.538268223944
  y: 43.0
  z: 1660.3433926575422
  yaw: -227.4923
  pitch: 24.457354
logoutlocation:
  world: world
  x: 3438.2032669748883
  y: 67.0
  z: 4623.89406161284
  yaw: -287.86353
  pitch: 19.210464
money: '10.0'
