lastAccountName: Vuosmos
timestamps:
  login: 1608419321444
  logout: 1608419692353
ipAddress: 10.1.76.1
lastlocation:
  world: world
  x: 1521.538268223944
  y: 43.0
  z: 1660.3433926575422
  yaw: -227.4923
  pitch: 24.457354
logoutlocation:
  world: world
  x: 742.1666513131546
  y: 87.0
  z: 1022.8473979070993
  yaw: -215.78955
  pitch: 21.7927
