lastAccountName: Vuosmos
timestamps:
  login: 1617011385645
  logout: 1617011856972
ipAddress: 10.1.76.1
lastlocation:
  world: world
  x: 1521.538268223944
  y: 43.0
  z: 1660.3433926575422
  yaw: -227.4923
  pitch: 24.457354
logoutlocation:
  world: world
  x: 4787.3418548611435
  y: 62.9375
  z: 4856.8747777454055
  yaw: -163.33905
  pitch: 17.165783
money: '10.0'
