lastAccountName: Vuosmos
timestamps:
  login: 1617746632187
  logout: 1617752584744
ipAddress: 10.1.76.1
lastlocation:
  world: world
  x: 1521.538268223944
  y: 43.0
  z: 1660.3433926575422
  yaw: -227.4923
  pitch: 24.457354
logoutlocation:
  world: world
  x: 3507.1884765362242
  y: 33.0
  z: 4693.300000011921
  yaw: -334.2527
  pitch: 22.794123
money: '10.0'
