lastAccountName: GuillermoS_
timestamps:
  login: 1610391240343
  logout: 1610391160727
  lastteleport: 1610387637066
ipAddress: 10.1.76.1
afk: false
homes:
  home:
    world: world
    x: 4956.957147866437
    y: 54.0
    z: 4822.309553855422
    yaw: 17.232054
    pitch: 35.300224
lastlocation:
  world: world
  x: 4027.4497699787794
  y: 68.56911558066331
  z: 4771.103678708269
  yaw: 182.35304
  pitch: 20.70508
logoutlocation:
  world: world
  x: 6285.387685961545
  y: 59.5733376359376
  z: 4924.610341719887
  yaw: 347.53015
  pitch: -8.620236
money: '212.0'
nickname: GuillermoS_
