lastAccountName: GuillermoS_
timestamps:
  login: 1610391240343
  logout: 1610391614995
  lastteleport: 1610387637066
ipAddress: 10.1.76.1
afk: false
homes:
  home:
    world: world
    x: 4956.957147866437
    y: 54.0
    z: 4822.309553855422
    yaw: 17.232054
    pitch: 35.300224
lastlocation:
  world: world
  x: 4027.4497699787794
  y: 68.56911558066331
  z: 4771.103678708269
  yaw: 182.35304
  pitch: 20.70508
logoutlocation:
  world: world
  x: 6287.300000011921
  y: 63.1212968405392
  z: 4927.285334689914
  yaw: 77.11487
  pitch: 54.720093
money: '212.0'
nickname: GuillermoS_
