lastAccountName: GuillermoS_
timestamps:
  login: 1617902542081
  logout: 1617850898786
  lastteleport: 1617734061149
ipAddress: 10.1.76.1
afk: false
homes:
  home:
    world: world
    x: 4956.957147866437
    y: 54.0
    z: 4822.309553855422
    yaw: 17.232054
    pitch: 35.300224
lastlocation:
  world: creative-world
  x: -255.4530271193678
  y: 69.0
  z: -44.88464538471431
  yaw: -2.8810458
  pitch: 23.737982
logoutlocation:
  world: world
  x: 10444.26247843534
  y: 73.0
  z: 8975.555668060762
  yaw: 288.25317
  pitch: 37.51858
money: '212.0'
nickname: GuillermoS_
