lastAccountName: GuillermoS_
timestamps:
  login: 1612816713357
  logout: 1612819076476
  lastteleport: 1612454467912
ipAddress: 10.1.76.1
afk: false
homes:
  home:
    world: world
    x: 4956.957147866437
    y: 54.0
    z: 4822.309553855422
    yaw: 17.232054
    pitch: 35.300224
lastlocation:
  world: creative-world
  x: -254.05156398271205
  y: 69.0
  z: -82.49524066178131
  yaw: -32.92282
  pitch: -8.850601
logoutlocation:
  world: creative-world
  x: -257.3364602035468
  y: 69.0
  z: -43.54633165410253
  yaw: 126.04696
  pitch: 32.91129
money: '212.0'
nickname: GuillermoS_
