lastAccountName: GuillermoS_
timestamps:
  login: 1617632904257
  logout: 1617646987712
  lastteleport: 1617575126334
ipAddress: 10.1.76.1
afk: false
homes:
  home:
    world: world
    x: 4956.957147866437
    y: 54.0
    z: 4822.309553855422
    yaw: 17.232054
    pitch: 35.300224
lastlocation:
  world: world
  x: 10479.699999988079
  y: 20.0
  z: 8991.699999988079
  yaw: 118.55702
  pitch: 84.745415
logoutlocation:
  world: world
  x: 10472.14051237504
  y: 7.0
  z: 8982.307228660498
  yaw: -258.26862
  pitch: -11.831713
money: '212.0'
nickname: GuillermoS_
