lastAccountName: TripleXTeam
timestamps:
  login: 1607909166479
  logout: 1607911883429
ipAddress: 10.1.76.1
logoutlocation:
  world: world
  x: 4965.673617289811
  y: 63.0
  z: 4998.574349651461
  yaw: 5.2498856
  pitch: 43.65004
