lastAccountName: TripleXTeam
timestamps:
  login: 1617850958795
  logout: 1617850965888
ipAddress: 10.1.76.1
logoutlocation:
  world: world
  x: 4892.300000011921
  y: 66.0
  z: 3948.300000011921
  yaw: -23.534136
  pitch: 32.55
