lastAccountName: pyxld_kris
timestamps:
  login: 1612848856727
  logout: 1612848770259
  lastteleport: 1612064902867
ipAddress: 10.1.76.1
lastlocation:
  world: creative-world
  x: -229.6523754095776
  y: 68.4392224919288
  z: -38.04906086465269
  yaw: -289.05115
  pitch: -82.04998
logoutlocation:
  world: world
  x: 4697.7263475098525
  y: 78.5625
  z: 4760.637322359748
  yaw: 273.45
  pitch: 30.900276
afk: false
nickname: pyxld_kris
