lastAccountName: pyxld_kris
timestamps:
  login: 1610391252183
  logout: 1610391160815
  lastteleport: 1610388453103
ipAddress: 10.1.76.1
lastlocation:
  world: world_nether
  x: 509.9554114074203
  y: 50.0
  z: 597.6633034516188
  yaw: 266.72107
  pitch: 19.949945
logoutlocation:
  world: world
  x: 4261.611825733686
  y: 81.0
  z: 5114.033045501326
  yaw: 178.94029
  pitch: 24.300253
afk: false
nickname: pyxld_kris
