lastAccountName: pyxld_kris
timestamps:
  login: 1610331617372
  logout: 1610331994542
  lastteleport: 1608266491734
ipAddress: 127.0.0.1
lastlocation:
  world: world
  x: 4763.699999988079
  y: 64.0
  z: 4878.300000011921
  yaw: 298.6482
  pitch: -3.4500692
logoutlocation:
  world: world
  x: 4750.11404968158
  y: 71.0
  z: 4821.309494430042
  yaw: -244.95618
  pitch: 16.34982
afk: false
