lastAccountName: pyxld_kris
timestamps:
  login: 1608349593012
  logout: 1608364145958
  lastteleport: 1608266491734
ipAddress: 10.1.76.1
lastlocation:
  world: world_nether
  x: 612.9421513205699
  y: 38.0
  z: 602.1409521426866
  yaw: -291.96814
  pitch: 80.40001
logoutlocation:
  world: world
  x: 4754.699999988079
  y: 63.0
  z: 4886.387679014109
  yaw: -205.65826
  pitch: 34.649914
afk: false
