lastAccountName: saltties
timestamps:
  login: 1616722822823
  logout: 1616722848589
ipAddress: 10.1.76.1
logoutlocation:
  world: world
  x: 5051.672812649935
  y: 74.0
  z: 5231.92608995407
  yaw: -152.80806
  pitch: 23.549719
lastlocation:
  world: world
  x: 5117.990201021466
  y: 11.75099998140335
  z: 5211.360903436493
  yaw: 0.43170166
  pitch: 79.649895
