lastAccountName: saltties
timestamps:
  login: 1612066213186
  logout: 1612066556168
ipAddress: 10.1.76.1
logoutlocation:
  world: world
  x: 5037.731000101348
  y: 70.0
  z: 5226.586418891674
  yaw: 121.54242
  pitch: 35.24973
lastlocation:
  world: world
  x: 5117.990201021466
  y: 11.75099998140335
  z: 5211.360903436493
  yaw: 0.43170166
  pitch: 79.649895
