lastAccountName: SirPineappleIII
timestamps:
  login: 1613702773882
  logout: 1613703839406
ipAddress: 10.1.76.1
logoutlocation:
  world: world
  x: 4853.981587409958
  y: 66.0
  z: 4746.235991496642
  yaw: -11.307709
  pitch: 24.410843
lastlocation:
  world: world
  x: 4852.156615130329
  y: 67.25220334025373
  z: 4743.564763372211
  yaw: -205.959
  pitch: 7.977497
