lastAccountName: SirPineappleIII
timestamps:
  login: 1611770368954
  logout: 1611771145549
ipAddress: 10.1.76.1
logoutlocation:
  world: world
  x: 4824.131458007514
  y: 65.0
  z: 4711.923208733565
  yaw: 57.830933
  pitch: -0.88074464
lastlocation:
  world: world
  x: 4852.156615130329
  y: 67.25220334025373
  z: 4743.564763372211
  yaw: -205.959
  pitch: 7.977497
