lastAccountName: Original_Auburn
timestamps:
  login: 1608416403053
  logout: 1608364102331
ipAddress: 10.1.76.1
logoutlocation:
  world: world
  x: 4266.854305232537
  y: 61.0
  z: 5114.140523034478
  yaw: 122.69984
  pitch: 15.449997
lastlocation:
  world: world
  x: 4260.734879687757
  y: 61.0
  z: 5109.102937051484
  yaw: 172.80011
  pitch: 22.35
