lastAccountName: Original_Auburn
timestamps:
  login: 1612832821479
  logout: 1612845257661
ipAddress: 10.1.76.1
logoutlocation:
  world: world
  x: 4257.651202127187
  y: 61.0
  z: 5109.091754375043
  yaw: -77.699905
  pitch: 11.550015
lastlocation:
  world: world
  x: 4260.734879687757
  y: 61.0
  z: 5109.102937051484
  yaw: 172.80011
  pitch: 22.35
