lastAccountName: Original_Auburn
timestamps:
  login: 1612727980091
  logout: 1612755681904
ipAddress: 10.1.76.1
logoutlocation:
  world: world
  x: 4263.608270030531
  y: 61.0
  z: 5111.830638297739
  yaw: 136.64917
  pitch: 9.599986
lastlocation:
  world: world
  x: 4260.734879687757
  y: 61.0
  z: 5109.102937051484
  yaw: 172.80011
  pitch: 22.35
