lastAccountName: Original_Auburn
timestamps:
  login: 1610348199936
  logout: 1610352402868
ipAddress: 10.1.76.1
logoutlocation:
  world: world
  x: 4263.794303527448
  y: 61.0
  z: 5110.187601015873
  yaw: 86.08569
  pitch: 12.000001
lastlocation:
  world: world
  x: 4260.734879687757
  y: 61.0
  z: 5109.102937051484
  yaw: 172.80011
  pitch: 22.35
