lastAccountName: LoveCakess
timestamps:
  login: 1617050538698
  logout: 1617050617260
ipAddress: 10.1.76.1
logoutlocation:
  world: world
  x: 4257.768395725652
  y: 61.0
  z: 5109.065055375541
  yaw: 12.005585
  pitch: -29.84965
lastlocation:
  world: world
  x: 4260.734879687757
  y: 61.0
  z: 5109.102937051484
  yaw: 172.80011
  pitch: 22.35
