lastAccountName: Raienx
timestamps:
  login: 1608238681988
  logout: 1608240839490
ipAddress: 10.1.76.1
logoutlocation:
  world: world
  x: 4364.355345481962
  y: 63.0
  z: 4150.20341445731
  yaw: 204.41931
  pitch: 16.049807
