lastAccountName: ShayEveryDay
timestamps:
  login: 1617859917952
  logout: 1617859945536
  lastteleport: 1611191645949
ipAddress: 10.1.76.1
lastlocation:
  world: hub-world
  x: 0.0
  y: 64.0
  z: 0.0
  yaw: -289.81122
  pitch: 0.0
afk: false
logoutlocation:
  world: hub-world
  x: -16.82541925012033
  y: 129.2177719539526
  z: -7.177696019547907
  yaw: -142.05255
  pitch: 18.89996
