lastAccountName: ShayEveryDay
timestamps:
  login: 1611458722461
  logout: 1611459483831
  lastteleport: 1611191645949
ipAddress: 10.1.76.1
lastlocation:
  world: world
  x: 4838.5
  y: 53.0
  z: 4913.5
  yaw: 164.1001
  pitch: 10.799996
afk: false
logoutlocation:
  world: world
  x: 4837.108117433048
  y: 63.0
  z: 4874.300000011921
  yaw: -3.4091492
  pitch: 8.700027
