lastAccountName: ShayEveryDay
timestamps:
  login: 1610337074006
  logout: 1610338429844
ipAddress: 10.1.76.1
lastlocation:
  world: world
  x: 4604.7008173625245
  y: 72.89044745325997
  z: 4993.4282883885535
  yaw: 179.83331
  pitch: 84.15069
afk: false
logoutlocation:
  world: world
  x: 4589.5
  y: 68.0
  z: 4986.5
  yaw: -45.00001
  pitch: 0.0
