lastAccountName: ShayEveryDay
timestamps:
  login: 1617493545091
  logout: 1617500969510
  lastteleport: 1611191645949
ipAddress: 10.1.76.1
lastlocation:
  world: hub-world
  x: 0.0
  y: 64.0
  z: 0.0
  yaw: -289.81122
  pitch: 0.0
afk: false
logoutlocation:
  world: hub-world
  x: -32.754599414070256
  y: 128.0
  z: -11.553454180213773
  yaw: -86.02051
  pitch: 0.7486538
