lastAccountName: ZeztyZed
timestamps:
  login: 1608358173649
  logout: 1608358481139
  jail: 0
ipAddress: 10.1.76.1
logoutlocation:
  world: world
  x: 5236.1353124756615
  y: 62.0
  z: 5205.114070495295
  yaw: -239.80391
  pitch: 31.80143
jailed: false
