lastAccountName: loier3600
timestamps:
  login: 1611956766022
  logout: 1611959820816
ipAddress: 10.1.76.1
logoutlocation:
  world: world
  x: 4554.563987926193
  y: 67.0
  z: 4997.157151911096
  yaw: -326.05322
  pitch: 13.799949
