lastAccountName: GoogleH0me
timestamps:
  login: 1612845201276
  logout: 1612846477939
ipAddress: 10.1.76.1
logoutlocation:
  world: world
  x: 4698.319195905683
  y: 63.0
  z: 4722.898073949303
  yaw: 4.197942
  pitch: -13.649882
