lastAccountName: GoogleH0me
timestamps:
  login: 1612670196733
  logout: 1612670894521
ipAddress: 10.1.76.1
logoutlocation:
  world: world
  x: 4696.2234231729535
  y: 77.0
  z: 4767.376299438648
  yaw: 214.72772
  pitch: -28.799892
