lastAccountName: GoogleH0me
timestamps:
  login: 1608283446299
  logout: 1608287041971
ipAddress: 10.1.76.1
logoutlocation:
  world: world
  x: 4559.907946789848
  y: 77.0
  z: 4939.306503824511
  yaw: 184.65234
  pitch: 40.350014
