lastAccountName: GoogleH0me
timestamps:
  login: 1616220108093
  logout: 1616229127687
ipAddress: 10.1.76.1
logoutlocation:
  world: world
  x: 4264.336096706836
  y: 63.0
  z: 4142.694475501575
  yaw: 135.89917
  pitch: 11.399957
