lastAccountName: justapiccplayer
timestamps:
  login: 1612742624785
  logout: 1612750999380
ipAddress: 10.1.76.1
logoutlocation:
  world: world
  x: 4791.338838335812
  y: 63.0
  z: 4903.900587501276
  yaw: -34.50001
  pitch: 13.80001
lastlocation:
  world: world
  x: 4574.662048127672
  y: 65.0
  z: 5111.705834056616
  yaw: 95.40371
  pitch: 7.799962
