lastAccountName: justapiccplayer
timestamps:
  login: 1617580630091
  logout: 1617587450070
ipAddress: 10.1.76.1
logoutlocation:
  world: world
  x: 4791.338838335812
  y: 63.0
  z: 4903.900587501276
  yaw: -34.50001
  pitch: 13.80001
lastlocation:
  world: egg-world
  x: -446.69999998807907
  y: 11.0
  z: -1227.9056959430168
  yaw: -40.191895
  pitch: 1.4606863E-4
