lastAccountName: KomotoseKomo
timestamps:
  login: 1610348212815
  logout: 1610352399930
ipAddress: 10.1.76.1
lastlocation:
  world: world
  x: 4452.5066285890325
  y: 77.5753455594904
  z: 4910.505690251708
  yaw: -132.32324
  pitch: 7.800331
logoutlocation:
  world: world
  x: 4244.708406905301
  y: 63.0
  z: 5093.749996101811
  yaw: -1.909668
  pitch: 2.8503575
