lastAccountName: KomotoseKomo
timestamps:
  login: 1612835431229
  logout: 1612845241418
ipAddress: 10.1.76.1
lastlocation:
  world: world
  x: 4452.5066285890325
  y: 77.5753455594904
  z: 4910.505690251708
  yaw: -132.32324
  pitch: 7.800331
logoutlocation:
  world: world
  x: 4255.645661364686
  y: 61.0
  z: 5114.123263411191
  yaw: -358.56006
  pitch: 18.450045
