lastAccountName: KomotoseKomo
timestamps:
  login: 1613688806832
  logout: 1613709174351
ipAddress: 10.1.76.1
lastlocation:
  world: world
  x: 4452.5066285890325
  y: 77.5753455594904
  z: 4910.505690251708
  yaw: -132.32324
  pitch: 7.800331
logoutlocation:
  world: world
  x: -680.8867053088397
  y: 68.0
  z: 576.0875344290716
  yaw: -162.01074
  pitch: 13.800685
