lastAccountName: KomotoseKomo
timestamps:
  login: 1612404280675
  logout: 1612409308888
ipAddress: 10.1.76.1
lastlocation:
  world: world
  x: 4452.5066285890325
  y: 77.5753455594904
  z: 4910.505690251708
  yaw: -132.32324
  pitch: 7.800331
logoutlocation:
  world: world
  x: 4262.306397813714
  y: 61.0
  z: 5109.087385990587
  yaw: -278.29224
  pitch: 31.649931
