lastAccountName: ChuckInAllen
timestamps:
  login: 1616191455273
  logout: 1616192804706
  jail: 0
ipAddress: 10.1.76.1
lastlocation:
  world: world
  x: 4754.138439487125
  y: 77.0
  z: 4797.7207847558475
  yaw: 111.464355
  pitch: 9.29998
logoutlocation:
  world: event-world
  x: -144.4175283939967
  y: 67.0
  z: -226.3685494071542
  yaw: -359.9896
  pitch: 8.700052
jailed: false
money: '200.0'
