lastAccountName: King_Coding
timestamps:
  login: 1610343644630
  logout: 1610344021396
  jail: 0
  lastteleport: 1610343545614
ipAddress: 10.1.76.1
lastlocation:
  world: world
  x: 4596.062209130419
  y: 72.0
  z: 4856.929081038079
  yaw: -85.64414
  pitch: 20.410564
logoutlocation:
  world: world
  x: 4686.43332669078
  y: 67.0
  z: 4889.111940419383
  yaw: -197.77002
  pitch: 17.660187
jailed: false
afk: false
homes:
  reg:
    world: world
    x: 4770.902391379573
    y: 63.0
    z: 4841.699999988079
    yaw: -155.29388
    pitch: 46.401875
  main:
    world: world
    x: 4678.217221539075
    y: 67.0
    z: 4888.300866202988
    yaw: -179.01477
    pitch: 25.227566
  village:
    world: world
    x: 4419.709359967319
    y: 71.0
    z: 4455.312479675537
    yaw: 177.60559
    pitch: 19.674076
