lastAccountName: SticksMinecraft
timestamps:
  login: 1617470732420
  logout: 1617471095734
  lastteleport: 1606445917331
ipAddress: 10.1.76.1
lastlocation:
  world: world
  x: 4725.001913254295
  y: 74.0
  z: 4799.360572156723
  yaw: -33.635757
  pitch: 24.299858
afk: false
logoutlocation:
  world: egg-world
  x: 214.20268729176286
  y: 65.0
  z: 283.1146226103839
  yaw: -21.152018
  pitch: 32.54959
