lastAccountName: MrPatro25
timestamps:
  login: 1612054948097
  logout: 1612055136123
ipAddress: 10.1.76.1
logoutlocation:
  world: world
  x: 4428.493931558057
  y: 64.0
  z: 4059.1293770158
  yaw: 181.46284
  pitch: 7.650011
lastlocation:
  world: world
  x: 4725.519312473093
  y: 67.0
  z: 4912.668775648723
  yaw: 118.23935
  pitch: 24.90095
