lastAccountName: MrPatro25
timestamps:
  login: 1616966570950
  logout: 1616968500595
ipAddress: 10.1.76.1
logoutlocation:
  world: world
  x: 4307.799485442761
  y: 90.0
  z: 4212.998840181324
  yaw: -117.13794
  pitch: 34.95
lastlocation:
  world: world
  x: -0.8913827560287114
  y: 69.0
  z: 1.0960958687605205
  yaw: 88.39612
  pitch: 11.400023
