lastAccountName: MrPatro25
timestamps:
  login: 1617897879905
  logout: 1617901236258
ipAddress: 10.1.76.1
logoutlocation:
  world: world
  x: 4245.116553413682
  y: 63.0
  z: 4144.718240896993
  yaw: -151.48291
  pitch: 19.799837
lastlocation:
  world: world
  x: -0.8913827560287114
  y: 69.0
  z: 1.0960958687605205
  yaw: 88.39612
  pitch: 11.400023
