lastAccountName: MrPatro25
timestamps:
  login: 1608427678984
  logout: 1608338954321
ipAddress: 10.1.76.1
logoutlocation:
  world: world
  x: 4378.705297720465
  y: 73.0
  z: 4141.137908635482
  yaw: 182.8653
  pitch: 11.399997
lastlocation:
  world: world
  x: 4725.519312473093
  y: 67.0
  z: 4912.668775648723
  yaw: 118.23935
  pitch: 24.90095
