lastAccountName: magictunneler
timestamps:
  login: 1611264450776
  logout: 1611264945868
ipAddress: 10.1.76.1
logoutlocation:
  world: world
  x: 4860.946407665157
  y: 63.0
  z: 4856.746104790531
  yaw: 341.55237
  pitch: -4.650003
