lastAccountName: alearm
timestamps:
  login: 1608351359973
  logout: 1608355576526
ipAddress: 10.1.76.1
logoutlocation:
  world: world
  x: 4627.521714085512
  y: 67.0
  z: 4818.355239222002
  yaw: 265.56714
  pitch: 23.9998
lastlocation:
  world: world
  x: 4630.300000011921
  y: 67.0
  z: 4804.300000011921
  yaw: 354.0277
  pitch: 35.549927
