lastAccountName: alearm
timestamps:
  login: 1612718756035
  logout: 1612719249616
ipAddress: 10.1.76.1
logoutlocation:
  world: world
  x: 4904.152662382061
  y: 74.0
  z: 4855.663441558857
  yaw: -94.80057
  pitch: -25.650106
lastlocation:
  world: world
  x: 4030.300000011921
  y: 68.0
  z: 4777.699999988079
  yaw: -115.18475
  pitch: 33.600098
