lastAccountName: alearm
timestamps:
  login: 1610386047710
  logout: 1610388781872
ipAddress: 10.1.76.1
logoutlocation:
  world: world
  x: 4031.5045410064317
  y: 68.0
  z: 4776.797663123052
  yaw: 203.57126
  pitch: 40.199963
lastlocation:
  world: world
  x: 4630.300000011921
  y: 67.0
  z: 4804.300000011921
  yaw: 354.0277
  pitch: 35.549927
