lastAccountName: alearm
timestamps:
  login: 1612837289560
  logout: 1612838714466
ipAddress: 10.1.76.1
logoutlocation:
  world: world
  x: 4015.6044135126676
  y: 94.0625
  z: 4801.117050010362
  yaw: -131.74957
  pitch: 63.449978
lastlocation:
  world: world
  x: 4030.300000011921
  y: 68.0
  z: 4777.699999988079
  yaw: -115.18475
  pitch: 33.600098
