lastAccountName: alearm
timestamps:
  login: 1617288603332
  logout: 1617289675959
ipAddress: 10.1.76.1
logoutlocation:
  world: world
  x: 3951.8470167981586
  y: 72.1212968405392
  z: 4849.5994072717085
  yaw: -358.06482
  pitch: 16.500143
lastlocation:
  world: world
  x: 4030.300000011921
  y: 68.0
  z: 4777.699999988079
  yaw: -115.18475
  pitch: 33.600098
