lastAccountName: Dorasaurus
timestamps:
  login: 1617061907568
  logout: 1617061947027
  lastteleport: 1613090946581
ipAddress: 10.1.76.1
logoutlocation:
  world: world
  x: 734.6581428784631
  y: 84.0
  z: 801.5062202363459
  yaw: 248.99994
  pitch: 24.599493
lastlocation:
  world: world_nether
  x: 559.6858567663866
  y: 91.5
  z: 615.6481917666056
  yaw: 76.2746
  pitch: 31.894793
