lastAccountName: kay_car
timestamps:
  login: 1608408673880
  logout: 1608410051659
ipAddress: 10.1.76.1
logoutlocation:
  world: world
  x: 738.747821587594
  y: 84.0
  z: 797.9274264623615
  yaw: 290.9911
  pitch: 19.949701
lastlocation:
  world: world
  x: 739.4945571726171
  y: 84.0
  z: 803.161912540303
  yaw: 23.227356
  pitch: -18.298288
