lastAccountName: Dorasaurus
timestamps:
  login: 1617745368184
  logout: 1617747165840
  lastteleport: 1613090946581
ipAddress: 10.1.76.1
logoutlocation:
  world: world
  x: 734.9402480870646
  y: 78.0
  z: 796.2087072345046
  yaw: 161.69098
  pitch: 34.348576
lastlocation:
  world: world_nether
  x: 559.6858567663866
  y: 91.5
  z: 615.6481917666056
  yaw: 76.2746
  pitch: 31.894793
