lastAccountName: kay_car
timestamps:
  login: 1610373165907
  logout: 1610373451604
ipAddress: 10.1.76.1
logoutlocation:
  world: world
  x: 769.1520183561097
  y: 76.5625
  z: 868.6999999880791
  yaw: -191.09575
  pitch: 28.94945
lastlocation:
  world: world
  x: 4805.984203897514
  y: 71.0
  z: 4872.787627801329
  yaw: -263.2775
  pitch: 14.10002
