lastAccountName: Dorasaurus
timestamps:
  login: 1612830187074
  logout: 1612832103292
ipAddress: 10.1.76.1
logoutlocation:
  world: world
  x: 743.6353054668947
  y: 84.0
  z: 798.1756487553865
  yaw: 311.36047
  pitch: 19.050283
lastlocation:
  world: world
  x: 4805.984203897514
  y: 71.0
  z: 4872.787627801329
  yaw: -263.2775
  pitch: 14.10002
