lastAccountName: Dorasaurus
timestamps:
  login: 1612724219149
  logout: 1612724328635
ipAddress: 10.1.76.1
logoutlocation:
  world: world
  x: 738.6040298840018
  y: 84.0
  z: 799.3277980160689
  yaw: -210.45717
  pitch: 11.700012
lastlocation:
  world: world
  x: 4805.984203897514
  y: 71.0
  z: 4872.787627801329
  yaw: -263.2775
  pitch: 14.10002
