lastAccountName: ArhumISpro
timestamps:
  login: 1616134063987
  logout: 1616136017155
ipAddress: 10.1.76.1
logoutlocation:
  world: world
  x: 4712.580603912952
  y: 77.0
  z: 4784.1335401605165
  yaw: 110.097015
  pitch: 18.449835
