lastAccountName: ArhumISpro
timestamps:
  login: 1608354329218
  logout: 1608361462344
ipAddress: 10.1.76.1
logoutlocation:
  world: world
  x: 4537.5
  y: 71.0
  z: 4799.5
  yaw: 60.300034
  pitch: 6.1499987
