lastAccountName: ArhumISpro
timestamps:
  login: 1610339771871
  logout: 1610344428468
ipAddress: 10.1.76.1
logoutlocation:
  world: world
  x: 4537.899903913001
  y: 71.0
  z: 4796.212612529188
  yaw: 269.98267
  pitch: 34.200073
