lastAccountName: Quasarium
timestamps:
  login: 1612472870460
  logout: 1612473388763
ipAddress: 10.1.76.1
logoutlocation:
  world: world
  x: 4851.465961858701
  y: 62.9375
  z: 4862.472006204744
  yaw: 273.44434
  pitch: -1.3504411
