lastAccountName: Quasarium
timestamps:
  login: 1610348854620
  logout: 1610352040758
ipAddress: 10.1.76.1
logoutlocation:
  world: world
  x: 5117.890973913701
  y: 71.0
  z: 5041.098528670628
  yaw: -287.80957
  pitch: 73.05028
