lastAccountName: Quasarium
timestamps:
  login: 1617487788455
  logout: 1617489879682
ipAddress: 10.1.76.1
logoutlocation:
  world: egg-world
  x: 222.17554003907705
  y: 11.01775551495583
  z: -288.26749933117037
  yaw: -297.95532
  pitch: 20.249542
