lastAccountName: D3vast8r
timestamps:
  login: 1612025849330
  logout: 1612030742317
ipAddress: 10.1.76.1
logoutlocation:
  world: world
  x: 4972.850771632745
  y: 15.0
  z: 4880.423929891501
  yaw: -189.68457
  pitch: 26.999708
nickname: ATOMIC_BOMBSTER
