lastAccountName: D3vast8r
timestamps:
  login: 1608259091903
  logout: 1608259647605
ipAddress: 10.1.76.1
logoutlocation:
  world: world
  x: 4954.165545497292
  y: 67.0
  z: 4809.5336244664195
  yaw: -270.59836
  pitch: 5.5499926
