lastAccountName: D3vast8r
timestamps:
  login: 1615418033344
  logout: 1615418042679
ipAddress: 10.1.76.1
logoutlocation:
  world: world
  x: 4964.363297267458
  y: 15.0
  z: 4867.804448340228
  yaw: -167.9547
  pitch: 41.849525
nickname: ATOMIC_BOMBSTER
